10150103537400774
10150120806277104
10150120806887104
10150120807107104
10150145265952104
10150145267262104
10150145289942104
10150145290627104
10150145290692104
10150145291247104
10150145291467104
10150145291517104
10150145293032104
10150145294362104
10150177412778089
10150177412878089
10150177412988089
10150197521348596
10150197691097104
10150204346364726
10150204766819726
10150204766919726
10150204777389726
10150216462291350
10150216462466350
10150216462506350
10150216462551350
10150216462596350
10150216462666350
10150216463281350
10150274781796350
10150423314835657
10150423315585657
10150423315920657
10150423316050657
10150423316965657
10150423317205657
10150423318100657
101847406493006
122243441183095
129086023815715
129086767148974
129086837148967
129086857148965
129086893815628
129087220482262
129087233815594
129087323815585
129087333815584
129087383815579
129087410482243
129087960482188
129088070482177
129088257148825
129088280482156
129088543815463
129088583815459
129088613815456
129088630482121
1325748443489
1325748643494
1325748803498
1325749003503
1325749283510
1325749363512
1325752643594
1325753163607
1325753243609
1325753683620
1325754283635
1325755043654
1325755363662
1325760643794
1335258641238
1335263481359
1335266201427
1335272681589
1335286521935
1335288161976
1335288281979
1335309242503
1335309642513
1335309722515
1335309922520
1335312482584
1348921840777
1350072931586
1417759454025
1417765174168
1417772294346
1417774974413
1417776174443
1476492002302
1476500282509
1476501242533
1476501362536
1495334803042
1495335203052
1495336483084
1495337123100
1495338523135
1495338723140
1495340563186
1495353003497
1495353283504
1495365843818
1495386204327
1495386444333
1495387124350
1495405324805
1495405644813
1495406324830
1495436525585
1495448005872
1495448645888
1495450405932
1495452165976
1537546533623
1537548053661
1539972022111
156206424421673
1574545094695
157992554245286
160173350666311
1611337356068
1611337636075
1611342836205
1611343236215
1611343596224
1611343796229
1611344396244
161317617256629
1616663609546
1624943958504
1624959398890
1643565531884
1643570011996
1643570332004
1643574372105
1643575812141
1643576612161
1643580412256
1643580652262
1643581092273
1645918247534
1645919087555
1645925527716
1645927167757
1645927647769
1645928687795
1658240850629
1661587594071
167554569976023
170366699649238
170366769649231
170366826315892
170366896315885
170367466315828
170367819649126
170367909649117
170367996315775
170368232982418
170368699649038
170368806315694
170369019649006
1727786192149
175420332469642
176347149082610
176347409082584
176347472415911
176347592415899
176347782415880
176348375749154
176350795748912
176380615746470
177123588964897
1779175809208
1799096947224
1799097627241
1799116667717
181279918580990
181280191914296
181280528580929
1817594570780
1817595010791
1817595690808
1817596010816
1817596370825
1817596810836
1817598010866
1817598250872
1817599010891
1817599290898
1817600370925
1817600770935
1817601650957
1817601850962
1817603010991
1817604811036
184079764944059
1850282454479
1854434353666
1854435113685
1854436433718
1854437753751
1854438673774
1854439553796
1854454914180
1856194682281
1868631030567
189553221089353
189553244422684
190369757680349
191682504178431
191734380874974
191983320843983
191983334177315
191983497510632
191983517510630
191984700843845
1942706445306
1964686789583
1977090139984
1990540198491
1990540838507
1990541678528
1990542878558
1990543398571
1990543678578
1990545198616
199728490061043
200291339989613
202385419778437
202386303111682
202386496444996
202388119778167
202389883111324
202390729777906
202391423111170
202391479777831
202391829777796
202392013111111
202392043111108
202392076444438
202392123111100
202392149777764
202392173111095
202392306444415
203750023003006
204002086281616
204002442948247
204003082948183
204003136281511
204003446281480
204003489614809
204003549614803
2118042515675
212155255462816
215669421800283
215669488466943
215669515133607
215669611800264
215675038466388
220012261349086
220018418015137
220019824681663
220501851303044
220502467969649
2231133303549
226896493988096
229505963727745
229798067030899
229798093697563
229804857030220
229805970363442
229806063696766
229807120363327
230148523662520
230150246995681
230590513618694
230607476956025
230992776917701
230993036917675
230993073584338
231219126892151
231220606892003
231738130173584
236391936374154
242652375746437
249747488372648
255192191163506
262178453799133
262178837132428
430984427103
430984437103
430984702103
430984707103
430984992103
430985007103
430985012103
430985017103
430985022103
430985377103
430985382103
430985642103
430985652103
444161593088
449014962103
453783482103
453783642103
453783952103
453787297103
458670933088
464982816851
478489383088
491713222103
491713297103
501645601349
501646331349
