0.77875	-0.238623	-2.33469	-1.19824	-1.18657	1.51999	-2.23774	1.26873	0.898169	0.663067	
1.03847	0.771246	0.701326	-0.403703	-0.935332	0.945343	-0.223066	0.110844	-0.993924	-0.549316	
0.0163534	-0.0445682	0.203363	0.169667	0.105143	-0.246055	0.176048	0.0618507	0.0521666	0.267169	
-0.976883	-1.58775	0.0346334	-0.861627	0.140043	0.828654	0.146049	0.367855	-1.04756	-0.820956	
0.0151766	-0.0410585	0.184449	0.152527	0.0931813	-0.220259	0.157089	0.0560402	0.0474209	0.242277	
0.00589601	-0.0418988	0.191622	0.15714	0.106956	-0.23536	0.167181	0.0519108	0.0462924	0.251045	
2.75891	0.342228	-1.11996	-0.080961	-2.17631	-0.275627	1.19479	-0.464665	0.0151506	-0.593397	
-0.00948818	-0.0384015	0.196742	0.162078	0.131641	-0.255193	0.176575	0.0425969	0.0442235	0.261493	
0.00617423	-0.0382013	0.179793	0.148832	0.0993119	-0.221298	0.155927	0.0491359	0.0446777	0.237003	
-0.847788	-3.44294	-0.718567	-2.0428	-1.92403	2.85697	1.141	-0.702279	0.77826	-0.675735	
0.0109433	-0.0406622	0.191509	0.157446	0.100213	-0.232037	0.165535	0.0549646	0.0485481	0.253521	
0.0157652	-0.0377966	0.185045	0.147545	0.0902651	-0.218056	0.158376	0.0541902	0.0452068	0.238253	
-0.00445312	-0.0398591	0.169308	0.14607	0.104621	-0.21638	0.147994	0.0439849	0.0417485	0.228875	
0.00912487	-0.0396818	0.188743	0.160868	0.102008	-0.232593	0.162818	0.0547152	0.0487216	0.252196	
0.00451348	-0.0328524	0.172151	0.143329	0.0979994	-0.214052	0.149856	0.0457327	0.0427747	0.227244	
0.000124725	-0.0393987	0.188841	0.158187	0.111827	-0.236818	0.165836	0.0483666	0.0440588	0.247196	
0.0276427	-0.0429266	0.196686	0.157374	0.0878399	-0.225549	0.166671	0.0638991	0.0511286	0.252705	
0.0133532	-0.0401794	0.19295	0.15306	0.0983214	-0.228885	0.165957	0.0547693	0.045726	0.247684	
1.05907	0.793617	0.658512	-0.429016	-0.935319	0.912913	-0.272012	0.0897199	-0.987984	-0.570297	
0.02271	-0.0454014	0.210099	0.169839	0.0978393	-0.245804	0.179601	0.0653859	0.0526276	0.270989	
-0.0011217	-0.0320106	0.175477	0.138281	0.106135	-0.217886	0.154388	0.040394	0.0388236	0.226584	
0.00593396	-0.0410808	0.19071	0.149484	0.107756	-0.23169	0.165441	0.0487843	0.0446268	0.247846	
0.0023871	-0.039495	0.191927	0.150656	0.110039	-0.234306	0.166558	0.0472332	0.0438529	0.247451	
-0.00465747	-0.0414223	0.19415	0.161141	0.121495	-0.246799	0.171965	0.0460753	0.0440964	0.255273	
-0.00102797	-0.0388065	0.185645	0.153933	0.110459	-0.232119	0.161702	0.0471556	0.0440933	0.245118	
-0.917353	-1.62562	-0.709067	0.449074	1.2684	0.550502	-2.3116	-1.19434	-0.423699	0.847155	
-0.00584387	-0.036632	0.180069	0.147892	0.109068	-0.225353	0.158913	0.0430368	0.0388185	0.233856	
0.00968467	-0.0396533	0.191605	0.15685	0.104027	-0.23351	0.166308	0.0532385	0.047035	0.250776	
0.00722197	-0.0374043	0.179121	0.145224	0.0965448	-0.216877	0.154811	0.0488414	0.0434525	0.233567	
0.0189141	-0.0415741	0.202043	0.162536	0.0980312	-0.238237	0.172367	0.0611877	0.050582	0.261734	
0.0191669	-0.0431952	0.194708	0.150924	0.09204	-0.225221	0.166049	0.0581811	0.0473243	0.248773	
-1.63808	-1.06141	0.19197	-0.214657	-0.623247	0.294842	0.385605	-0.786474	-0.800595	-0.339449	
0.00383356	-0.0424172	0.19643	0.162177	0.115615	-0.24498	0.172189	0.0507187	0.0479079	0.260486	
0.0199687	-0.0416133	0.195589	0.159445	0.0886825	-0.228012	0.165731	0.061632	0.0487628	0.250917	
-0.00595714	-0.0370645	0.180207	0.15242	0.11416	-0.231441	0.159869	0.0440327	0.0422138	0.240503	
-0.00100121	-0.039711	0.192355	0.159562	0.115593	-0.241736	0.169334	0.0478219	0.0451686	0.252965	
0.0111212	-0.0427249	0.195732	0.162722	0.103999	-0.238986	0.16919	0.0564919	0.0486031	0.257895	
-0.00822321	-0.0353224	0.177161	0.146852	0.116735	-0.228386	0.157541	0.0389546	0.0417833	0.234991	
0.715088	0.0707646	-2.04705	-3.45635	1.55864	-0.639428	0.991731	-0.953608	-0.041284	-0.758076	
0.0212648	-0.0406153	0.188758	0.149801	0.0866823	-0.217981	0.159483	0.0593075	0.0485655	0.244535	
2.13981	1.25468	-0.708477	-1.65084	-0.359476	1.06363	1.25823	0.1022	0.874901	-0.99373	
0.00315987	-0.0367123	0.182094	0.148037	0.102066	-0.224004	0.159006	0.0475953	0.04262	0.235662	
0.00648001	-0.0355367	0.189182	0.153508	0.102552	-0.229282	0.164162	0.0512227	0.04431	0.244855	
-0.00913057	-0.0354389	0.184344	0.149568	0.120429	-0.235254	0.165377	0.0394023	0.0400669	0.239162	
0.00985506	-0.0431609	0.20438	0.16593	0.109723	-0.248003	0.177582	0.0566559	0.0486039	0.264814	
0.0089252	-0.0410304	0.204861	0.16751	0.113976	-0.251278	0.177885	0.0548574	0.0499587	0.2675	
0.515583	-4.62946	-1.57224	-0.505065	2.08594	-0.72426	-0.959512	-0.458018	1.01527	-1.42945	
0.00623306	-0.039265	0.199043	0.166953	0.112514	-0.247674	0.175343	0.0539573	0.0482803	0.261826	
0.00457211	-0.0339109	0.192121	0.152102	0.1053	-0.232964	0.167575	0.0482095	0.0422282	0.243846	
0.0112863	-0.0417703	0.190627	0.152766	0.100002	-0.229031	0.164762	0.05351	0.0455907	0.245698	
1.12877	-0.0816176	0.453715	0.826424	-0.549045	-0.659656	0.385332	0.985698	0.847198	1.71313	
-1.29213	-0.666409	-0.640551	-2.24951	0.951041	-0.0798761	0.541524	-0.0656183	-0.685077	-0.286441	
0.0124641	-0.0424199	0.193888	0.16359	0.0992136	-0.235383	0.167043	0.0583344	0.0486676	0.25464	
-0.732852	1.11691	0.624259	-1.69389	2.71979	0.876715	-0.943186	-1.50369	-2.12302	0.505783	
-0.00193344	-0.0405537	0.186553	0.155639	0.113267	-0.234242	0.16298	0.0475343	0.0448558	0.24673	
0.525225	-0.280938	-1.01763	-0.364124	-1.72203	0.335554	-0.548851	0.164099	-0.420648	0.200843	
-0.00279653	-0.0384298	0.186219	0.156015	0.113756	-0.236865	0.164759	0.0459586	0.0436847	0.245717	
1.00768	0.787257	0.620594	-0.42268	-0.96637	0.957451	-0.289926	0.0647834	-0.957176	-0.630275	
2.52693	-1.03635	0.12162	0.13149	-2.4542	-0.224818	0.682984	-0.334952	-0.842784	-0.00501496	
1.06031	0.82416	0.66494	-0.42292	-0.991349	0.98208	-0.26488	0.0863698	-0.978069	-0.598709	
0.0157419	-0.0413707	0.194929	0.158256	0.0974072	-0.231544	0.16728	0.0581043	0.0483537	0.253066	
-0.014127	-0.0398325	0.195574	0.164461	0.13436	-0.256743	0.175477	0.0416933	0.0439884	0.258837	
0.0201745	-0.0369858	0.204075	0.158896	0.0966775	-0.23756	0.176034	0.0593251	0.0480059	0.257541	
-0.236652	1.55114	-0.68867	0.287846	0.869003	0.180118	-1.3217	-0.574891	0.97061	-0.297738	
3.82837	0.294582	-0.49026	-0.154903	0.115974	1.16626	-0.015948	1.06656	0.525547	-1.6926	
0.0142509	-0.0397851	0.184748	0.153372	0.0945834	-0.222902	0.157087	0.0558325	0.0478981	0.244803	
-0.00365509	-0.0396695	0.19069	0.158722	0.116391	-0.239983	0.169086	0.0463482	0.0442096	0.250686	
0.00245892	-0.0426377	0.188452	0.157849	0.108312	-0.234634	0.163567	0.0507755	0.0467501	0.251451	
0.00830783	-0.0400848	0.19129	0.153144	0.103974	-0.231665	0.166177	0.0515636	0.0451594	0.248109	
0.598272	0.15838	-0.140225	-0.688188	0.475728	-0.300089	0.713166	-0.634535	-0.499489	-1.11413	
0.0119059	-0.0387909	0.177956	0.148299	0.0920694	-0.214081	0.15259	0.0521009	0.0445882	0.232675	
0.00775653	-0.0423251	0.199504	0.166655	0.11148	-0.247481	0.174146	0.0550546	0.0486543	0.26318	
0.0197868	-0.0397958	0.198299	0.152422	0.0935123	-0.227864	0.170341	0.0582191	0.0467481	0.249504	
0.00497823	-0.039482	0.188816	0.15274	0.105481	-0.231965	0.164874	0.0497859	0.0439728	0.243668	
0.00134682	-0.0428617	0.193531	0.164286	0.112012	-0.242077	0.168508	0.0512774	0.0469528	0.255887	
0.000663975	-0.038924	0.189078	0.156155	0.11343	-0.237246	0.165681	0.0472835	0.0448153	0.249198	
0.0131826	-0.0416875	0.200695	0.167626	0.107108	-0.244888	0.174083	0.0592364	0.0513112	0.266324	
0.00869972	-0.0428975	0.18948	0.160859	0.104252	-0.234158	0.164161	0.0545308	0.0487198	0.252581	
0.00149741	-0.0423714	0.202453	0.16192	0.117753	-0.249557	0.177357	0.0511574	0.0464519	0.263412	
0.00292917	-0.0404853	0.188408	0.155635	0.11011	-0.233925	0.163922	0.0490377	0.0468211	0.249464	
0.834969	-0.0622388	-2.73455	-0.249758	-0.137669	1.86611	1.49849	-0.0461791	-1.98849	0.166824	
-1.18425	-0.403659	0.26841	1.04579	0.475413	-0.921704	0.403665	-0.155974	-0.389123	0.327515	
0.00731206	-0.0390392	0.188758	0.162308	0.104723	-0.23444	0.163825	0.0536777	0.047358	0.249394	
0.00345684	-0.0422845	0.199991	0.164363	0.113521	-0.248111	0.174899	0.0522831	0.0455232	0.258474	
0.0245983	-0.0376581	0.196761	0.15822	0.088507	-0.229238	0.166605	0.0633826	0.0512224	0.255845	
0.0032285	-0.0397413	0.189118	0.150204	0.105913	-0.230099	0.164952	0.0473975	0.041735	0.240715	
0.0100412	-0.040764	0.204512	0.16374	0.107482	-0.244756	0.176907	0.0557673	0.0481789	0.262995	
-1.62432	-0.529599	-0.351772	-0.792063	0.834833	1.5364	0.280232	-0.529477	0.977461	-0.851717	
0.00820548	-0.0403739	0.192998	0.154403	0.106896	-0.23516	0.167264	0.0511842	0.0453344	0.249328	
-0.0667775	-0.352888	1.43671	-1.39176	-0.17275	0.213649	0.748845	-1.04634	-0.427541	-0.804902	
-0.93934	0.585955	0.0925193	-0.747351	0.780782	-0.650901	0.391749	-0.748357	-0.109955	-0.120495	
0.741643	0.337091	0.487517	1.38933	-0.887507	0.683045	-0.0800548	1.23599	0.936507	0.488629	
-0.00914801	-0.0366188	0.18305	0.149247	0.117198	-0.233723	0.162169	0.0402894	0.0406892	0.240636	
0.983912	1.04358	0.635769	0.442081	-1.07429	1.14215	-0.607497	0.292116	-1.0625	-0.70462	
0.0115991	-0.0410288	0.204348	0.169269	0.109247	-0.250116	0.177277	0.0584823	0.0505609	0.267944	
0.0181827	-0.0431896	0.201619	0.167689	0.100492	-0.242425	0.17237	0.0627144	0.0518649	0.266174	
0.00809052	-0.044267	0.202855	0.170797	0.112188	-0.250318	0.176951	0.0571368	0.050459	0.269789	
-0.79766	-0.0681255	-1.96636	-2.44205	1.01483	0.468385	0.320296	-1.78093	0.0705699	0.219156	
-0.00156774	-0.0389481	0.195577	0.153149	0.121002	-0.243661	0.172683	0.0445843	0.0455708	0.256309	
1.86161	-1.68362	0.856268	0.80097	0.398643	0.469522	-1.95833	0.714636	-0.891487	0.313159	
0.00166303	-0.0376224	0.18656	0.149161	0.11114	-0.231568	0.165065	0.0450529	0.042007	0.240815	
0.0128993	-0.0419874	0.200156	0.160585	0.106757	-0.241862	0.173994	0.0559621	0.048688	0.259913	
0.014778	-0.0383612	0.19657	0.158222	0.0990489	-0.23413	0.169249	0.0567238	0.0477446	0.253401	
0.00546083	-0.0371677	0.17841	0.146926	0.0955364	-0.216621	0.154433	0.0485528	0.0419691	0.231127	
1.86183	-1.60191	1.09292	-0.15395	-1.36325	1.78635	-2.08153	-2.5696	-0.398667	-0.119327	
-0.00497289	-0.0383877	0.189244	0.160771	0.119411	-0.242504	0.167315	0.0462983	0.0451183	0.252603	
0.00864187	-0.0377484	0.193016	0.16149	0.10874	-0.239334	0.168349	0.053427	0.0482728	0.255823	
0.00972494	-0.0420353	0.197717	0.157628	0.106578	-0.237903	0.171229	0.0535604	0.0467444	0.255019	
0.00613461	-0.0432234	0.19704	0.160446	0.114523	-0.244284	0.172319	0.0518646	0.0479908	0.258646	
0.0053179	-0.0417689	0.190749	0.158407	0.104741	-0.232918	0.164457	0.0519242	0.0469068	0.250437	
0.0183616	-0.0400051	0.187559	0.146666	0.0900024	-0.218046	0.159768	0.0546013	0.045429	0.23977	
-0.495404	-0.739175	1.16305	-0.906352	0.771185	1.46691	-0.67244	0.843481	-1.6877	-0.859397	
0.236854	-0.231192	1.04792	0.818232	0.394837	-1.1841	0.878596	0.392293	0.314596	1.41965	
-0.434374	0.579748	-1.53953	-0.46187	0.926026	0.00929384	-0.514148	-0.538712	1.21522	0.0132772	
-0.528657	-0.553082	0.118275	-1.55044	0.079975	1.34951	-0.0259998	-0.484254	0.724117	1.40544	
-0.0021422	-0.0415397	0.200706	0.16694	0.122298	-0.253292	0.177662	0.0496284	0.0461955	0.262473	
0.00633117	-0.0386975	0.190681	0.151344	0.105924	-0.2314	0.166671	0.0489751	0.0445905	0.244791	
0.00520833	-0.0377185	0.187807	0.151936	0.104103	-0.229112	0.163328	0.0487974	0.043799	0.24267	
0.00648385	-0.0383862	0.190016	0.15217	0.108661	-0.232679	0.166794	0.0495688	0.0446864	0.246634	
0.00834069	-0.0378572	0.185585	0.148319	0.103774	-0.226382	0.161863	0.0487221	0.0440864	0.239675	
-1.35632	0.167487	0.208281	-1.74061	2.20883	2.76468	-0.57856	-1.83811	-0.771121	3.01677	
0.0302312	-0.043291	0.195458	0.150879	0.0771772	-0.216578	0.16278	0.0642406	0.0490753	0.246206	
0.00362925	-0.0386461	0.186674	0.148928	0.103812	-0.225925	0.162836	0.0473768	0.0417124	0.238461	
0.00570515	-0.0380885	0.181752	0.144414	0.099684	-0.218907	0.157644	0.0477179	0.041421	0.233153	
0.00487083	-0.0395553	0.191836	0.154551	0.11244	-0.237458	0.168247	0.0484286	0.045448	0.251554	
0.00364027	-0.0440099	0.197005	0.158972	0.115455	-0.244151	0.173181	0.0496851	0.0468423	0.259805	
-0.00692161	-0.0382101	0.19749	0.158378	0.124675	-0.249327	0.176121	0.0437715	0.0423327	0.255448	
0.00591565	-0.0392471	0.18622	0.15452	0.105416	-0.228736	0.161125	0.0516237	0.0465304	0.24648	
0.00828589	-0.0399863	0.185856	0.151864	0.104282	-0.227761	0.161799	0.050018	0.0449763	0.242645	
0.00408721	-0.0401446	0.192016	0.151578	0.107495	-0.232029	0.166971	0.0492659	0.0438971	0.246814	
-1.08628	1.32171	2.10256	-1.14339	-1.35602	1.6904	-0.10437	-0.0110019	0.357904	-1.16032	
-1.08204	2.1722	1.60783	-1.45077	-1.55252	1.87053	-0.515335	1.49986	0.918687	-0.992635	
0.0118703	-0.0417295	0.193989	0.155166	0.101738	-0.232305	0.168862	0.0533589	0.0461525	0.250157	
-1.48838	-1.30659	-0.554811	-0.641656	1.41441	0.135012	-0.455442	-0.67549	0.133526	-0.384269	
0.0156932	-0.0385744	0.187676	0.157267	0.0884899	-0.222184	0.160257	0.0584948	0.0476993	0.245076	
0.00276486	-0.0419387	0.200495	0.162159	0.116834	-0.247704	0.176591	0.0505409	0.0460181	0.25936	
0.679323	2.3211	0.740736	1.05292	-2.18361	-0.696278	-0.791033	-0.360717	1.00289	0.403277	
0.00334668	-0.0359756	0.187419	0.148878	0.103049	-0.226933	0.162858	0.0482188	0.0423027	0.240406	
0.0157487	-0.0386546	0.187815	0.146887	0.091936	-0.219019	0.160687	0.0545	0.0443116	0.238997	
0.0132023	-0.0397764	0.198637	0.160275	0.102526	-0.238455	0.171518	0.0565416	0.0479077	0.257202	
0.680903	-0.376298	-0.581611	-2.11576	0.656114	-1.37069	-0.0718117	-1.19615	-1.27666	-0.57914	
0.00765809	-0.0415021	0.195022	0.157166	0.105147	-0.235798	0.168127	0.052487	0.0459859	0.25106	
-0.91153	2.10631	0.476931	-2.02084	-1.13697	1.48385	-0.739119	0.38487	0.416039	0.544478	
0.961584	0.454113	1.48626	-0.508708	-0.959455	0.0186432	1.07207	0.187679	-0.432498	-0.0535216	
0.52294	0.740163	0.0944774	-1.84416	1.56076	0.231518	-0.82185	-3.57915	2.08448	-0.8512	
0.703906	-2.32859	0.545526	1.59078	0.907514	1.45296	-0.610101	0.822771	0.0669813	0.206882	
-0.390236	0.473055	2.26011	0.913436	-2.78003	-1.52712	-2.58534	0.830849	0.36908	0.0417481	
1.23189	1.24283	1.61825	-1.05611	0.29593	0.11466	-1.33018	0.77342	1.65531	-3.67666	
-0.00225872	-0.0398838	0.19631	0.164306	0.117132	-0.248332	0.173175	0.0496753	0.0453998	0.258384	
0.00549501	-0.0398206	0.193555	0.160604	0.107281	-0.238473	0.169019	0.0532248	0.0466154	0.253049	
0.0108118	-0.0413714	0.203461	0.160355	0.106187	-0.24103	0.176379	0.0550301	0.0469547	0.259245	
-0.124326	0.544761	-0.309963	-0.326554	-1.18778	2.41608	0.942785	-0.43914	0.569421	1.86268	
0.00530739	-0.04185	0.19271	0.162906	0.107172	-0.238589	0.168216	0.053558	0.0462767	0.251556	
-1.11643	-0.514853	-0.220683	0.108534	0.755654	1.32385	0.760652	-0.192162	0.68167	-1.73788	
0.0216892	-0.0377559	0.179923	0.147017	0.0771725	-0.206033	0.150293	0.0591749	0.0459562	0.230961	
0.0152178	-0.0417553	0.19309	0.157968	0.098944	-0.231594	0.167041	0.0567903	0.0482072	0.251528	
-0.58071	-1.66248	-0.657797	-0.991936	0.57284	-0.843614	-1.84862	-1.3225	0.0248895	-1.17748	
-0.383088	1.11434	-0.354178	0.408056	0.571656	1.21865	-0.898515	-0.708998	0.42562	0.462237	
-0.528965	0.995123	-1.19879	-0.1072	0.40891	0.164215	-0.26073	-0.270178	0.905899	-0.114903	
-0.404452	1.09365	-0.489752	-0.2654	-0.778463	0.726974	-1.07145	-0.475046	-0.780277	0.11123	
0.00618008	-0.0350015	0.17543	0.147087	0.10302	-0.22037	0.153286	0.0470931	0.044065	0.233229	
0.00348023	-0.0417639	0.200684	0.167901	0.114548	-0.25057	0.176001	0.0535703	0.0485181	0.265034	
0.00457533	-0.0378493	0.19985	0.165454	0.116055	-0.248538	0.175837	0.0528527	0.048675	0.263128	
-0.497268	-0.200677	0.646308	1.53657	-0.0267922	1.92948	-0.872818	0.417306	1.61504	-0.155698	
-0.0011511	-0.0393542	0.185576	0.151965	0.113947	-0.2337	0.163569	0.0447428	0.0433992	0.243688	
0.00127155	-0.0374673	0.186425	0.151825	0.107837	-0.231251	0.163754	0.0473666	0.0432984	0.24353	
0.00700788	-0.0365401	0.178182	0.139202	0.0976292	-0.21552	0.154493	0.0459224	0.0407932	0.228609	
0.000847195	-0.0391704	0.193343	0.159188	0.114577	-0.239806	0.169193	0.0487172	0.0446142	0.250345	
0.00805365	-0.0422377	0.199395	0.163082	0.113407	-0.246409	0.173432	0.05399	0.0496633	0.264259	
0.00818697	-0.0429051	0.210797	0.174578	0.117012	-0.260291	0.184285	0.0585237	0.0519706	0.278825	
-0.000414842	-0.0390905	0.187716	0.154384	0.113701	-0.235755	0.165058	0.0462961	0.0444792	0.246699	
0.000303433	-0.036356	0.190091	0.156054	0.117392	-0.240432	0.168452	0.0461621	0.0451846	0.253454	
0.0022566	-0.039793	0.185057	0.155704	0.110484	-0.233307	0.161512	0.0489145	0.0457737	0.245924	
0.0101731	-0.037548	0.18527	0.149945	0.100277	-0.225607	0.160143	0.0515033	0.0454097	0.241811	
0.0143015	-0.0372299	0.184162	0.15102	0.0944595	-0.221593	0.158063	0.0540715	0.0469855	0.241262	
0.0123349	-0.0428006	0.205603	0.160527	0.113286	-0.247855	0.179029	0.0547582	0.0490287	0.264999	
0.00594368	-0.0396755	0.18841	0.154081	0.1044	-0.230774	0.164558	0.0501892	0.0450606	0.245692	
0.0168491	-0.0370457	0.181559	0.143135	0.0817131	-0.208002	0.153996	0.0552404	0.0439618	0.230466	
-0.0137625	-0.0387728	0.186076	0.15456	0.127005	-0.242512	0.167778	0.0389815	0.0410524	0.246373	
-0.00269173	-0.0389988	0.193852	0.16073	0.118965	-0.24629	0.1721	0.0459278	0.0430956	0.251098	
0.0158253	-0.0389674	0.19163	0.14925	0.0935642	-0.222719	0.163174	0.0543888	0.0449232	0.242253	
0.00607141	-0.04084	0.191431	0.156879	0.107356	-0.236689	0.166397	0.052031	0.0467992	0.252681	
0.00995944	-0.0378924	0.180845	0.152346	0.0952426	-0.220213	0.156832	0.0527857	0.0450142	0.236182	
-0.000386596	-0.0380022	0.187526	0.15207	0.11533	-0.235554	0.166241	0.0451223	0.0420308	0.243213	
0.493628	1.83286	-0.433365	-0.0284808	-0.268397	1.8092	2.52231	0.662266	-0.608222	0.317378	
0.00991197	-0.0417971	0.186915	0.152306	0.101452	-0.227616	0.16068	0.0529546	0.0475994	0.247749	
0.00312692	-0.0402	0.188161	0.154986	0.106672	-0.233109	0.165229	0.0494276	0.0445618	0.245174	
0.0105555	-0.0371885	0.195777	0.149877	0.104412	-0.232432	0.170552	0.0504554	0.0438472	0.247241	
0.00689178	-0.0389097	0.193095	0.159685	0.107512	-0.238949	0.168188	0.0528035	0.0478701	0.256493	
0.401916	1.08587	-0.983702	-0.983872	0.0511631	0.733316	-0.733354	-1.10982	0.749213	0.378632	
0.00428691	-0.0349943	0.177067	0.144067	0.103029	-0.219597	0.154966	0.0454544	0.0422433	0.232452	
0.00205071	-0.0378498	0.183355	0.153631	0.10466	-0.22826	0.159955	0.0488743	0.0442369	0.240658	
-0.926853	0.582691	0.0867732	-0.744822	0.788121	-0.677301	0.401325	-0.739884	-0.114516	-0.0953181	
-0.737802	-1.5112	-0.107375	0.127297	1.76071	-0.822514	-0.0106067	-0.506615	0.134582	0.542838	
0.0137225	-0.0410007	0.185997	0.15435	0.0983931	-0.226822	0.159553	0.0546658	0.048742	0.247333	
2.04889	0.956434	-0.798753	-0.294443	-1.71294	1.56282	-1.20507	1.27546	-1.17744	0.675518	
-0.010873	-0.0364664	0.194593	0.158577	0.131802	-0.253007	0.174895	0.0403196	0.0433053	0.256116	
0.00265413	-0.0377751	0.196057	0.151981	0.113167	-0.237545	0.172498	0.0467655	0.0423232	0.247016	
0.0133894	-0.0407468	0.197522	0.149625	0.104058	-0.231808	0.170717	0.0522226	0.0459815	0.251663	
1.41389	-0.441594	0.938144	0.588242	-0.552464	-0.305352	0.121216	1.08165	0.398291	1.24638	
-1.11496	-0.301883	-0.48855	0.0768004	1.41325	-0.477835	-0.512803	-0.505069	-0.051903	0.0678552	
0.451948	0.154085	0.300018	-0.815331	0.558533	0.566776	-1.09184	-0.0148091	-1.15065	-2.15556	
-1.32397	-0.530261	-1.31755	-0.542661	-0.828924	0.552079	0.798366	-0.49924	0.819009	-2.01512	
-0.00460403	-0.035492	0.184706	0.146746	0.116109	-0.233079	0.163736	0.0409031	0.0402048	0.240722	
0.00948159	-0.0379459	0.181197	0.140277	0.0970023	-0.215967	0.156774	0.0476305	0.0417963	0.230925	
0.00897035	-0.0415813	0.186841	0.153526	0.1031	-0.227635	0.161979	0.0519289	0.0463706	0.245451	
0.00590299	-0.0366928	0.185685	0.139867	0.104642	-0.223431	0.162221	0.0451129	0.0416977	0.239572	
-0.948254	0.61523	0.0960619	-0.740227	0.748515	-0.688457	0.407809	-0.729028	-0.0978501	-0.118937	
0.00307005	-0.0386358	0.193009	0.147207	0.111402	-0.23407	0.169331	0.0446448	0.0413103	0.242975	
0.0233453	-0.0402883	0.201575	0.160558	0.094348	-0.234473	0.172197	0.0619212	0.0509185	0.25948	
0.0030495	-0.0441185	0.211459	0.173825	0.12819	-0.266319	0.185537	0.0538427	0.052531	0.282095	
0.00518225	-0.0424911	0.188916	0.151581	0.107061	-0.231928	0.16428	0.048994	0.0444273	0.246036	
-1.90789	0.39584	2.78299	-2.57294	-0.9401	2.68054	0.468047	0.718136	0.372688	-0.967071	
0.00587942	-0.0422259	0.196887	0.158115	0.114425	-0.243073	0.171499	0.0506115	0.0472803	0.259721	
0.61474	0.149658	-0.117044	-0.700815	0.465497	-0.316038	0.728362	-0.627094	-0.503905	-1.09228	
-0.0050822	-0.0423007	0.198016	0.156627	0.124385	-0.248024	0.176054	0.0437275	0.0432275	0.25503	
0.214983	1.25813	-1.8892	-3.2831	-2.4183	-0.0182797	0.78598	-2.30486	0.0214955	0.319322	
0.41083	1.83474	0.567717	-0.858388	-1.73408	2.15928	0.443477	2.02672	0.819363	-0.251807	
0.00254763	-0.0411444	0.194294	0.160473	0.113696	-0.242175	0.170337	0.0493675	0.0457392	0.254939	
-0.00505284	-0.0403485	0.183113	0.15432	0.113697	-0.233311	0.161483	0.0445776	0.0438132	0.242756	
0.00900537	-0.0400878	0.203938	0.165193	0.111457	-0.248104	0.177622	0.0551556	0.0480438	0.262918	
0.0237302	-0.0385515	0.183415	0.141912	0.0794103	-0.207646	0.153583	0.0587092	0.0456859	0.234375	
0.0010738	-0.0356218	0.179202	0.143241	0.103528	-0.219678	0.156291	0.0443113	0.0402379	0.231368	
2.29555	-0.843786	0.121575	0.161907	-2.19322	0.636881	-0.2639	-0.0958997	-2.13307	0.249939	
0.00220674	-0.0387867	0.188514	0.155852	0.111389	-0.23552	0.165373	0.047732	0.0443986	0.247641	
0.0164352	-0.0410111	0.202031	0.167622	0.101879	-0.242782	0.172842	0.0611724	0.0525655	0.267326	
0.00258827	-0.0438031	0.190145	0.161164	0.106655	-0.235563	0.166231	0.0523248	0.0459145	0.250286	
0.0121351	-0.0445271	0.199195	0.162049	0.104113	-0.239146	0.171484	0.0566404	0.0484167	0.258121	
0.00798683	-0.0421754	0.188061	0.154418	0.103859	-0.229276	0.162834	0.0517885	0.0470789	0.24775	
1.81777	1.63015	0.287289	-0.774924	-0.592278	2.34489	0.101808	0.550826	1.96449	-0.353586	
0.610689	0.156267	-0.171434	-0.667618	0.505662	-0.366544	0.768165	-0.668133	-0.549477	-1.17821	
-0.161831	-1.99575	0.79094	0.0255069	-1.14149	0.645455	-0.00811012	0.898703	0.308906	0.184496	
0.00813466	-0.0379098	0.180494	0.154208	0.0963164	-0.222163	0.15514	0.0519364	0.0448502	0.238188	
-0.848547	0.541786	0.0921953	-0.685402	0.739905	-0.636598	0.378027	-0.698848	-0.106509	-0.0648453	
0.0131406	-0.0430077	0.199266	0.165804	0.101549	-0.24073	0.170923	0.0600358	0.0507731	0.261889	
-0.000507356	-0.0382182	0.198598	0.156034	0.114068	-0.242428	0.174257	0.047751	0.0425406	0.25202	
0.0180916	-0.040207	0.191813	0.155329	0.0950831	-0.22786	0.164545	0.0572794	0.0485931	0.251356	
0.0211776	-0.041989	0.202746	0.16623	0.0963575	-0.239679	0.173429	0.0629932	0.0510534	0.263357	
0.617988	0.159362	-0.149789	-0.69774	0.501418	-0.356387	0.780748	-0.681578	-0.539214	-1.15303	
2.67343	0.268945	-0.607333	1.18483	-2.47473	-0.0149913	0.622153	1.15188	-0.0299722	-0.133994	
2.00779	-0.705095	-0.198299	-0.720548	-2.01906	0.765772	0.166564	0.835469	-0.502455	-0.334331	
0.0127664	-0.0368961	0.183647	0.142173	0.0948913	-0.216287	0.158217	0.0501609	0.0427548	0.232013	
-0.510995	-0.371459	0.254503	-1.10535	1.54007	-0.534732	0.455099	-0.654038	-0.72903	-0.190565	
0.450146	-0.963325	0.986532	1.5495	-0.558765	-0.563697	0.424279	0.760547	0.311571	0.780366	
0.011755	-0.0421121	0.192383	0.16068	0.102543	-0.235784	0.166332	0.0569825	0.0499754	0.257	
-0.940585	0.598099	0.0865816	-0.765923	0.772269	-0.661347	0.400868	-0.753774	-0.116771	-0.118035	
-0.917086	0.600591	0.0598977	-0.744776	0.755421	-0.63965	0.378533	-0.741301	-0.104041	-0.123159	
0.0149315	-0.0462492	0.207226	0.177587	0.104052	-0.250355	0.177935	0.065125	0.0542527	0.274063	
-0.188346	-1.99324	0.802119	0.0155013	-1.18197	0.665726	-0.00824354	0.912209	0.300583	0.171193	
1.36472	0.321068	1.42624	-0.577936	-1.10385	0.672391	-0.355142	0.577538	-0.131807	0.0294096	
1.21885	-3.84668	1.27601	-2.00945	0.0364757	2.72879	1.97206	0.595887	-1.55908	0.282175	
0.00619474	-0.0373199	0.181136	0.147056	0.104247	-0.223609	0.157704	0.0475118	0.0439804	0.238193	
0.763655	1.33666	-0.944441	-0.0291441	0.299252	-0.185728	-0.841289	-0.515088	0.148411	-0.881998	
1.1623	3.0098	0.0384748	-2.5179	-0.420311	0.847881	0.123182	1.19359	1.56759	-0.525121	
-0.0131271	-0.038416	0.185667	0.155334	0.126327	-0.242309	0.16733	0.0387843	0.0406678	0.24598	
0.00298843	-0.0377197	0.183577	0.152737	0.104212	-0.22916	0.161678	0.0488101	0.0428401	0.240033	
0.015458	-0.040303	0.200008	0.15854	0.100018	-0.237187	0.172291	0.0560706	0.0471373	0.256493	
0.0121575	-0.0397241	0.179888	0.145443	0.0945954	-0.216299	0.155224	0.0521485	0.0451508	0.236171	
0.0194825	-0.0403535	0.202673	0.163041	0.0957125	-0.238414	0.17352	0.0621319	0.0508054	0.261912	
0.0505499	-1.79004	-0.611771	1.16019	0.23733	0.225463	-0.701852	0.502882	0.564765	0.3925	
-0.000540927	-0.0383033	0.167906	0.14199	0.101717	-0.213031	0.146635	0.0428311	0.0410093	0.223969	
-0.00247649	-0.0379093	0.183978	0.148514	0.111069	-0.229958	0.162913	0.0430616	0.0403681	0.236396	
-0.84956	0.521913	0.0900929	-0.724398	0.746218	-0.607201	0.366292	-0.704159	-0.104245	-0.0806641	
-0.936019	0.611311	0.0830545	-0.738887	0.748686	-0.660908	0.408271	-0.748912	-0.116392	-0.115708	
0.0154237	-0.0391634	0.193837	0.154112	0.0954813	-0.228172	0.16711	0.0558703	0.0458415	0.246879	
0.0112303	-0.0385426	0.191468	0.150553	0.102212	-0.228745	0.165343	0.0514652	0.0455733	0.246802	
0.0255733	-0.0439066	0.197227	0.158796	0.0884274	-0.228237	0.167134	0.0634841	0.0506591	0.254903	
0.00857266	-0.0415911	0.201191	0.16476	0.105927	-0.242601	0.175086	0.0559042	0.0476577	0.259909	
0.0237709	-0.0432822	0.190947	0.149021	0.0837361	-0.21629	0.16113	0.0592463	0.0460182	0.240289	
-0.00257461	-0.0406976	0.206059	0.167834	0.127127	-0.260157	0.18286	0.048516	0.0471053	0.27038	
-0.00182596	-0.0418769	0.195346	0.160899	0.120219	-0.246818	0.172892	0.0474872	0.0456274	0.25761	
0.00804117	-0.0386559	0.188984	0.155686	0.104868	-0.232708	0.164175	0.0524197	0.0466983	0.248278	
0.00869943	-0.0395406	0.190141	0.158948	0.104091	-0.233451	0.166125	0.0534582	0.0476042	0.252051	
0.408469	0.940262	0.270933	1.04835	-0.771191	0.38292	0.455228	0.863643	0.161961	-0.600389	
2.54487	-1.34219	-0.501997	1.0994	-2.1125	2.32249	2.71125	1.03478	-0.257511	0.136742	
0.0149473	-0.0415639	0.198874	0.162944	0.101405	-0.239398	0.171227	0.0592567	0.0509466	0.261821	
0.010432	-0.0414837	0.199779	0.162853	0.105667	-0.241217	0.173427	0.0554703	0.0489461	0.259647	
0.00831583	-0.0352476	0.183186	0.142701	0.10066	-0.220981	0.159067	0.0468949	0.0414081	0.233661	
0.00219734	-0.0415206	0.195838	0.160072	0.113841	-0.24353	0.171087	0.0508747	0.0453044	0.255521	
-0.537407	-0.631226	1.0388	-0.661119	0.681598	1.22623	-0.301261	0.906946	-1.70627	-0.89956	
1.02524	-0.133399	0.320596	0.820538	-0.510007	-0.525612	0.224805	0.881057	0.804147	1.52182	
0.00708848	-0.0396475	0.198531	0.16001	0.107727	-0.241432	0.173229	0.0526967	0.0454613	0.254446	
0.00720312	-0.0394586	0.191428	0.150466	0.108611	-0.23374	0.166585	0.0490069	0.0458948	0.249025	
-0.00848543	0.134783	1.10356	-0.122836	-1.6477	1.0772	-0.361795	-0.929788	2.01921	0.747241	
0.00738247	-0.0392134	0.202362	0.154895	0.107734	-0.240037	0.175279	0.0518834	0.0447879	0.255255	
-0.00556151	-0.0376478	0.194995	0.159192	0.124648	-0.249236	0.173511	0.0441004	0.0441854	0.257656	
0.00747412	-0.0379882	0.191172	0.151847	0.106589	-0.232875	0.165474	0.0503507	0.046494	0.251559	
0.00556719	-0.0388045	0.1734	0.14504	0.10181	-0.216638	0.150838	0.0469366	0.0435947	0.231685	
0.0068619	-0.0420818	0.193901	0.160411	0.106851	-0.237875	0.168123	0.053747	0.0477145	0.255568	
0.0135265	-0.0413297	0.191031	0.156264	0.0954857	-0.227235	0.16427	0.0560216	0.04653	0.24508	
0.0097932	-0.0382796	0.198424	0.156776	0.105493	-0.23833	0.171782	0.053322	0.0463723	0.255785	
-0.255616	0.604544	-0.961473	0.103407	0.767772	-0.176661	-1.45948	-0.600813	0.0783337	-0.234749	
-0.616378	-1.32036	0.945657	-0.856802	-2.99366	1.84418	-2.14532	0.366384	-1.22192	0.339953	
1.7407	0.710736	1.34004	0.288789	-1.73888	1.20762	1.40257	0.517775	1.036	-1.24652	
0.00948231	-0.0424751	0.196157	0.161178	0.108456	-0.240043	0.170192	0.0545746	0.0487897	0.258212	
1.53951	1.2539	1.05935	-0.968572	-0.399426	2.42649	-1.0738	-2.35927	0.482466	-0.0852528	
-0.544752	0.343476	-0.332058	-0.655989	-0.925648	0.0854504	0.212572	1.23234	0.169568	-1.08394	
-0.647656	0.114088	-1.72506	0.387049	0.644189	-0.0165697	-1.09663	0.184136	-0.563883	0.45096	
0.00236664	-0.0409924	0.208792	0.173606	0.120761	-0.260476	0.184317	0.0546022	0.0498276	0.275323	
1.99971	2.37112	0.422137	-3.08965	0.130467	2.12198	-0.304109	0.501388	-0.00891805	0.209834	
1.91577	-2.05234	1.50734	0.207314	-1.36297	1.82812	-2.22244	-0.336662	-0.894414	-0.713217	
0.202478	0.200821	-1.66132	-0.447715	0.738777	-0.218717	0.204709	2.04069	0.676905	-1.76028	
0.00969251	-0.0384794	0.190168	0.155432	0.101173	-0.229512	0.163331	0.0532136	0.0452389	0.24595	
0.00376057	-0.0385311	0.197922	0.158862	0.1134	-0.243021	0.172614	0.0506836	0.0463075	0.257884	
0.000625386	-0.0412083	0.191961	0.162287	0.118897	-0.245419	0.169461	0.0489363	0.0466202	0.25596	
-0.00522615	-0.0407107	0.189872	0.157524	0.121299	-0.242973	0.168217	0.0450881	0.0445149	0.251507	
0.0250603	-0.0404168	0.207904	0.163913	0.0945474	-0.240584	0.176386	0.0646457	0.0519942	0.267328	
0.00188967	-0.0393959	0.188842	0.156101	0.108135	-0.232618	0.164629	0.0495096	0.0436988	0.245133	
-1.21493	-0.00511588	0.263604	-0.0965788	1.45837	2.13081	0.0925406	-0.0698545	-0.0431934	-0.831909	
-0.753938	-0.0267468	0.239225	-0.786321	0.28593	1.46292	-1.0994	1.58224	1.75076	-0.66448	
0.0057579	-0.0395079	0.195487	0.16059	0.113801	-0.245296	0.172185	0.0509358	0.0486647	0.260361	
0.00878866	-0.041084	0.20072	0.163178	0.112321	-0.246406	0.174089	0.054854	0.0487383	0.261325	
1.16033	1.2144	1.25322	1.16206	-1.41329	0.590814	-0.11119	0.597931	-0.583449	-0.0883376	
1.84687	1.59075	-0.876765	-1.00704	-2.86677	-1.16078	-1.05427	1.00228	-1.53167	0.151758	
-0.954118	0.600902	0.0838996	-0.725108	0.76629	-0.6674	0.409747	-0.753157	-0.110765	-0.118324	
-0.00280237	-0.0387336	0.183572	0.153525	0.113801	-0.233711	0.162782	0.0451681	0.043876	0.244006	
1.88926	-1.91839	0.864486	0.239449	-1.57067	0.339195	0.694103	2.90636	-0.319976	-2.85958	
0.0153453	-0.0373419	0.180198	0.144163	0.0880386	-0.213204	0.154183	0.0543652	0.0455268	0.236091	
-0.92629	0.600417	0.120601	-0.74975	0.752897	-0.687356	0.409799	-0.728396	-0.106646	-0.0777276	
-1.38296	-0.528859	0.450091	0.429029	0.497513	-0.703141	0.441694	-0.411068	-0.543627	0.312243	
0.0153427	-0.0433792	0.203958	0.17091	0.101588	-0.245537	0.175232	0.0630352	0.0526126	0.269795	
0.0137426	-0.0393527	0.183653	0.148867	0.0934673	-0.219522	0.157064	0.0535174	0.0455933	0.240264	
-1.01366	-3.42106	2.36741	-0.73772	-1.32099	0.500791	-1.35355	-0.622559	0.527434	-1.37132	
0.00295543	-0.0405419	0.188341	0.162352	0.112207	-0.237806	0.165241	0.0507611	0.0463004	0.250006	
-0.00913381	-0.0372735	0.197675	0.154894	0.127687	-0.250084	0.177292	0.0408377	0.0418611	0.256779	
0.00269354	-0.0401	0.18698	0.153435	0.105931	-0.23027	0.162878	0.0492774	0.0440872	0.245318	
-0.00952612	-0.0362505	0.183677	0.148899	0.122202	-0.236932	0.163772	0.0395342	0.0423359	0.244988	
-0.55137	0.73598	0.223223	-0.777439	-0.522287	-0.589398	-0.335707	2.36757	-1.37302	-1.07829	
-0.0125657	-0.0373356	0.175554	0.138744	0.123664	-0.228528	0.157477	0.0337331	0.0375759	0.231156	
-0.000625888	-0.0407295	0.197227	0.159813	0.120267	-0.247181	0.173831	0.0473117	0.0461591	0.259713	
-0.657608	0.135688	-1.21103	1.10185	-0.528193	0.0326296	-0.788531	0.405293	0.11734	0.0237303	
-0.866655	0.557678	0.103993	-0.743851	0.755162	-0.632836	0.383751	-0.722055	-0.098763	-0.0640996	
0.0188492	-0.0390725	0.190563	0.152378	0.0891905	-0.221982	0.162266	0.057851	0.0469194	0.242491	
-1.18238	-0.284124	-0.536477	0.064684	1.42089	-0.435062	-0.540591	-0.546262	-0.0899308	-0.0156324	
-0.94122	0.598462	0.0963796	-0.731906	0.766277	-0.692533	0.403577	-0.731585	-0.10123	-0.0771096	
0.00521079	-0.0390046	0.197546	0.166439	0.112213	-0.24584	0.17353	0.0530039	0.0471937	0.257946	
-0.111838	-1.22761	-1.17643	0.726921	0.806454	-0.38993	-0.905865	0.166812	0.819193	0.919502	
-1.38601	0.655276	-0.188633	-1.79294	-1.51976	-0.552145	1.33288	0.645792	-1.0424	0.00360077	
-0.149409	0.757423	-0.515188	-0.894742	1.22366	0.203743	0.230146	-1.39377	-0.256277	-0.074457	
0.0152041	-0.0388455	0.190667	0.153012	0.100938	-0.230987	0.165064	0.0536266	0.0466139	0.247291	
0.0100429	-0.0405132	0.19133	0.153034	0.105488	-0.23246	0.165723	0.0517015	0.0457217	0.248236	
0.621245	-0.175166	-0.546017	-0.970018	1.14328	1.2264	-0.218516	-0.690186	0.27296	-0.62402	
0.0127441	-0.0397374	0.19404	0.158607	0.0995529	-0.233843	0.167811	0.0559438	0.0472087	0.251804	
-0.00528304	-0.0359409	0.189552	0.151598	0.120705	-0.240426	0.168348	0.0428045	0.0422607	0.247062	
-0.0065648	-0.0408114	0.199238	0.16958	0.124523	-0.256594	0.177246	0.0481628	0.0459306	0.264332	
0.598803	0.142245	-0.0733638	-0.74411	0.462704	-0.260437	0.686212	-0.590588	-0.47047	-1.03626	
0.0187917	-0.0398712	0.191569	0.15434	0.090097	-0.224822	0.163596	0.0592613	0.047733	0.247818	
0.384964	0.553582	-1.44322	0.109369	1.29816	-0.125375	-1.18084	-0.0819076	0.11016	-0.914025	
0.00884255	-0.0409031	0.18842	0.15157	0.103126	-0.228969	0.162867	0.0516509	0.0456577	0.246905	
0.00736643	-0.0427585	0.194201	0.158198	0.105773	-0.235799	0.166925	0.0530772	0.0465644	0.251828	
0.0109777	-0.0404053	0.182422	0.147169	0.0923087	-0.216639	0.156599	0.0522949	0.0440803	0.235453	
0.274762	-0.847574	-1.03508	-2.17086	-1.00774	-0.833107	1.67804	-0.953656	-0.551802	-0.342486	
-0.309316	-1.61386	0.334791	-1.86747	-0.03077	-0.354902	-0.280206	-0.887032	0.401399	-1.79809	
-0.502319	0.0417171	-2.02529	-2.49814	-0.869254	-0.697606	1.24007	-0.72063	-0.529911	-0.653849	
0.0144669	-0.043107	0.202412	0.170434	0.103425	-0.245277	0.173506	0.0610088	0.0516517	0.266493	
0.0142863	-0.0420585	0.18867	0.157918	0.100896	-0.230095	0.162026	0.0561827	0.04909	0.251637	
-0.76557	0.348924	-0.325461	-0.90366	0.268984	1.52541	0.242652	-0.218416	0.711225	-0.729351	
-0.00105481	-0.0363238	0.191059	0.150667	0.11251	-0.235299	0.167731	0.0449835	0.0417148	0.244302	
-1.33821	-0.530019	0.452355	0.422231	0.472881	-0.713919	0.429144	-0.380606	-0.516304	0.338592	
0.00237023	-0.0370318	0.178379	0.144429	0.107557	-0.221952	0.157732	0.0440729	0.0410611	0.230751	
-0.151246	-2.5333	-0.05507	0.6602	-0.496486	0.638663	-0.508068	0.852332	0.601474	0.344887	
0.0114942	-0.0351162	0.182841	0.146767	0.0982922	-0.220898	0.157284	0.0510622	0.0453332	0.239074	
0.0117178	-0.0419034	0.187701	0.147362	0.0957298	-0.221338	0.161778	0.0515901	0.042506	0.237417	
-1.95768	0.370836	-0.293066	-1.14727	-0.616085	-0.640305	-0.468565	-0.877722	-0.298639	0.576097	
0.0047974	-0.0397739	0.189918	0.154617	0.10461	-0.231362	0.164893	0.0505829	0.044457	0.244847	
0.00898066	-0.0402307	0.206224	0.165502	0.108136	-0.248381	0.178667	0.0570544	0.0491477	0.268249	
0.0203457	-0.0421261	0.193845	0.163986	0.0932199	-0.231192	0.164223	0.0629558	0.053528	0.258428	
0.00629254	-0.0415447	0.203503	0.166099	0.115012	-0.252167	0.178015	0.0540477	0.0485333	0.266964	
0.00560751	-0.0353401	0.190231	0.149599	0.107373	-0.230957	0.166841	0.0476226	0.0426023	0.242231	
0.00812808	-0.0407346	0.193549	0.155228	0.105629	-0.235272	0.167946	0.0516384	0.0461175	0.250631	
-0.00136087	-0.0384354	0.181957	0.146812	0.114232	-0.229212	0.161099	0.042184	0.0415822	0.238653	
0.0140613	-0.0351124	0.179852	0.143308	0.0911198	-0.214219	0.15445	0.0517121	0.0450593	0.235035	
-1.15544	-1.16314	-1.17809	-1.15175	1.594	-0.687289	-1.03722	-1.54617	0.622456	0.7201	
2.00974	-1.72105	-0.29086	0.0385872	-1.44193	1.68224	1.27383	0.259068	0.539369	-1.28657	
0.0229031	-0.0422645	0.202921	0.163897	0.0972168	-0.237688	0.173462	0.0627222	0.0530994	0.264092	
0.00655468	-0.0387175	0.196841	0.154959	0.112706	-0.240401	0.172487	0.0494756	0.0452939	0.25503	
0.00157221	-0.0385455	0.192403	0.156419	0.112416	-0.238698	0.168193	0.0491901	0.0457512	0.252663	
0.014053	-0.0380755	0.173417	0.146572	0.0914425	-0.212958	0.148215	0.0527483	0.0469726	0.234013	
-0.00226259	-0.0391497	0.208628	0.16759	0.127598	-0.260673	0.185108	0.0490338	0.0458518	0.268916	
0.0156947	-0.0375196	0.193339	0.151643	0.0979121	-0.230168	0.165548	0.0554322	0.0468461	0.250569	
0.615421	0.76678	0.119994	-1.01013	1.91005	0.671485	-2.46623	-3.14643	-0.822661	2.41697	
-0.00338711	-0.0349581	0.172936	0.145826	0.110967	-0.222306	0.15347	0.0411919	0.0413566	0.230074	
0.000591999	-0.0405395	0.187866	0.158035	0.11577	-0.23888	0.165351	0.0472749	0.0455253	0.250046	
0.0288007	-0.0411585	0.19097	0.150305	0.0808708	-0.215697	0.159612	0.0641319	0.0493964	0.244551	
0.0568244	0.00713688	-1.70949	0.155154	0.562252	-0.249055	-0.0632139	1.87272	0.459122	-1.71965	
0.00197853	-0.0401101	0.182287	0.147336	0.10968	-0.226189	0.160241	0.0439404	0.0408385	0.235432	
-0.492376	1.39877	0.727286	-0.835979	-0.677925	1.02157	-0.629223	-1.41283	-1.12648	-0.888596	
1.02759	0.809266	0.654661	-0.466954	-0.956271	0.953828	-0.250144	0.0663721	-0.957667	-0.584669	
0.00950459	-0.0391242	0.191339	0.152114	0.106348	-0.23347	0.165608	0.0509449	0.04676	0.249927	
-0.0281552	0.703471	-0.0996793	0.751763	1.00882	0.893425	-1.49823	-0.617028	1.11285	0.721644	
0.0044283	-0.0378775	0.189488	0.148556	0.107186	-0.231018	0.16444	0.0477797	0.0437889	0.245661	
0.00353211	-0.0403669	0.191123	0.157081	0.104694	-0.233266	0.164425	0.0512751	0.0450007	0.248304	
-0.273349	-0.344552	-2.07564	0.32097	0.00843062	-0.909382	-1.14058	-0.565839	-0.0520602	-0.395671	
0.0188914	-0.0432928	0.195789	0.157988	0.092443	-0.229031	0.166696	0.0596658	0.0477394	0.251043	
0.000496449	-0.0399089	0.193276	0.162482	0.114519	-0.244495	0.17078	0.0494842	0.046378	0.256166	
-0.00493745	-0.0386514	0.190054	0.155806	0.118636	-0.240822	0.168394	0.0440343	0.0431601	0.24968	
0.555775	0.154124	-0.106823	-0.705884	0.473907	-0.267811	0.673447	-0.613993	-0.490098	-1.06461	
0.0200145	-0.0407317	0.187467	0.152507	0.0884313	-0.219008	0.158208	0.0589283	0.0487386	0.24434	
-0.575825	1.52692	0.0140239	-1.36098	0.892323	0.0119467	-0.579778	0.371856	-1.62047	-1.05692	
0.267858	-0.318583	0.225036	-0.447389	0.888225	1.54413	-0.643892	0.0622363	-0.722715	-0.461232	
0.00127992	-0.0385748	0.182454	0.150869	0.107231	-0.228129	0.160268	0.0464906	0.0424776	0.238329	
0.663481	2.18823	0.434525	-0.701082	-1.69187	0.694302	1.46385	0.051146	2.92255	-1.32019	
-0.515485	0.294563	-0.282926	-0.617212	-0.820833	0.0617866	0.141699	1.12533	0.163468	-1.01419	
0.0168549	-0.0394918	0.194978	0.164644	0.0956673	-0.233237	0.166499	0.0604814	0.0502392	0.256305	
1.34947	0.406223	-0.189374	-0.748432	-1.5724	0.828967	0.404081	0.333971	1.50822	-0.246593	
-1.34033	-0.192544	-0.674922	0.378557	0.991139	-0.558782	-0.663857	-0.277943	0.0710638	-0.144299	
0.015252	-0.0385509	0.199942	0.158675	0.099133	-0.235874	0.172628	0.0581134	0.0476004	0.256886	
0.0139247	-0.0397892	0.194746	0.150097	0.10208	-0.230693	0.168207	0.0531058	0.0458684	0.249293	
-0.000134906	-0.0332453	0.18942	0.148653	0.107137	-0.231449	0.167456	0.0450754	0.0392471	0.23848	
-1.15521	-0.27689	0.236682	-0.0522118	-1.4204	1.58152	0.372178	0.518406	-0.103434	0.532347	
0.0163857	-0.038738	0.18487	0.140815	0.0870915	-0.211542	0.156835	0.053247	0.0429549	0.230864	
2.99595	0.380286	-1.46257	0.218242	-1.07073	0.400258	0.545076	-0.929754	0.805256	-1.21659	
0.0148759	-0.0432755	0.208125	0.168998	0.104201	-0.247267	0.17792	0.0614286	0.0522268	0.271013	
1.16677	0.218291	-0.2923	0.802689	-1.24881	0.861259	1.10862	0.86036	-0.241713	0.904618	
0.0222878	-0.0390366	0.189352	0.150595	0.0875977	-0.220363	0.160969	0.0584566	0.0484953	0.244951	
0.01468	-0.0381133	0.187469	0.146776	0.0924787	-0.21897	0.159059	0.0534589	0.0449203	0.238319	
1.35965	-0.423378	0.955856	0.561632	-0.552483	-0.277223	0.150145	1.02962	0.33637	1.13023	
0.00511941	-0.0366357	0.194021	0.151888	0.109792	-0.235995	0.170058	0.047486	0.0443063	0.249496	
0.0025729	-0.0368516	0.187265	0.151567	0.10818	-0.231957	0.164915	0.0470056	0.0437811	0.24434	
0.00944372	-0.040816	0.194653	0.162534	0.103742	-0.237705	0.169807	0.0551008	0.0473975	0.25415	
0.0189886	-0.0395337	0.187394	0.143471	0.0842504	-0.212408	0.159428	0.0558103	0.0420677	0.231536	
-0.00266096	-0.0395014	0.196557	0.159219	0.121659	-0.247273	0.173594	0.0461823	0.0456162	0.258146	
-0.0160618	-0.0394999	0.184951	0.157738	0.130851	-0.245436	0.166994	0.0377182	0.0413571	0.247649	
0.0126814	-0.0396069	0.183757	0.1453	0.0960908	-0.220571	0.158209	0.0512815	0.0442338	0.237421	
-0.00742045	-0.0426793	0.194987	0.165082	0.126305	-0.251967	0.173492	0.0457012	0.0457845	0.260051	
0.00136398	-0.0392986	0.193829	0.15935	0.119898	-0.246071	0.17112	0.0469214	0.0466073	0.257264	
0.0142617	-0.0419284	0.197878	0.159882	0.100631	-0.235944	0.169281	0.057152	0.0496336	0.257753	
0.595889	0.165898	-0.163068	-0.671065	0.483779	-0.33268	0.733599	-0.650785	-0.525397	-1.15957	
0.9777	-0.174036	0.509146	0.740778	-0.423112	-0.607619	0.343505	0.908825	0.733125	1.59461	
0.0179419	-0.0374035	0.178515	0.140105	0.0873635	-0.209789	0.152981	0.0523069	0.0432247	0.227023	
0.0303587	-0.0376998	0.195875	0.152255	0.0799449	-0.219545	0.163777	0.0646593	0.0507366	0.250104	
0.306435	-1.11207	-0.429292	-0.0210059	1.45329	1.14954	0.116618	-0.516677	0.231243	-1.59615	
0.0111981	-0.0399538	0.191998	0.155082	0.107317	-0.236227	0.166396	0.0533929	0.0487344	0.255732	
0.00199849	-0.0377857	0.175592	0.140432	0.105792	-0.21852	0.153165	0.0434549	0.0420224	0.230808	
0.0177462	-0.0381279	0.19211	0.153724	0.0917835	-0.225742	0.164652	0.0577824	0.0475775	0.247767	
0.0214301	-0.0434953	0.201083	0.167169	0.0920703	-0.235551	0.169769	0.0660752	0.0523871	0.264778	
0.617267	0.142947	-0.13316	-0.7336	0.477927	-0.28247	0.691119	-0.626402	-0.502803	-1.10326	
0.00829276	-0.0382822	0.182105	0.148952	0.100686	-0.222996	0.158392	0.0499358	0.0446503	0.238463	
-1.44811	-1.13426	0.272116	-2.09209	0.277293	0.563341	0.65646	0.57602	-0.177741	-1.11414	
0.00528246	-0.037924	0.184247	0.146481	0.10148	-0.222451	0.159863	0.0470862	0.0418509	0.236039	
2.78354	0.365879	-0.763498	0.347711	-0.692241	2.32981	-0.936439	-1.71515	0.447161	0.170913	
0.131451	0.911217	-1.12274	-0.22067	-0.185662	1.33532	0.465812	-1.14371	0.336741	0.177777	
-1.76275	0.284043	-0.64891	-0.464428	-0.799605	0.316288	-0.855457	-0.856134	-0.0355114	1.25084	
-0.00669348	-0.0398935	0.180389	0.149888	0.118822	-0.233429	0.161647	0.0410776	0.0424425	0.241085	
-0.856655	1.21112	0.374949	-0.858335	-0.295266	-0.380545	-1.13137	-1.19536	-0.356464	-0.674148	
0.0184765	-0.0407366	0.198739	0.153122	0.097395	-0.231057	0.170322	0.0562692	0.0479525	0.253361	
-0.862345	-0.148709	0.28552	-0.244542	-0.66068	1.338	-0.0122633	2.03635	-0.580561	-0.828589	
0.00447351	-0.0414658	0.197252	0.164292	0.111626	-0.245191	0.172204	0.0527904	0.0472179	0.258283	
0.00494778	-0.0408667	0.19819	0.157028	0.114271	-0.243146	0.173765	0.0500137	0.0462898	0.257637	
0.0158057	-0.0441888	0.199815	0.162253	0.0976416	-0.235909	0.170479	0.0597463	0.0473061	0.25472	
1.06996	-0.804657	0.547846	-1.09275	-1.33929	2.37187	0.102214	1.01923	-0.441701	-0.0790288	
0.00932299	-0.0381895	0.189112	0.152008	0.104721	-0.230171	0.163271	0.0510483	0.0457649	0.246919	
-0.00631478	-0.037589	0.184826	0.150602	0.113305	-0.23133	0.164205	0.0428114	0.0397984	0.236977	
-0.00146814	-0.0404392	0.194076	0.16309	0.115724	-0.244211	0.171027	0.0494182	0.0453407	0.25605	
0.0225655	-0.0455203	0.202291	0.157506	0.0925529	-0.232065	0.172003	0.0615371	0.0490545	0.256645	
-0.0138873	-0.042427	0.194709	0.169278	0.135463	-0.260715	0.176031	0.0431477	0.0459991	0.264256	
0.0116588	-0.0382291	0.189897	0.155948	0.100469	-0.230412	0.164793	0.0539747	0.0458801	0.246502	
-0.00766163	-0.0380275	0.198937	0.158277	0.128451	-0.251761	0.178055	0.0423331	0.0422628	0.258016	
0.331981	0.199765	-0.344828	-1.41543	-1.24016	2.01608	-0.160605	0.612208	1.9033	-0.0987109	
-0.955115	0.62921	0.0874098	-0.752317	0.776189	-0.673226	0.418555	-0.768104	-0.109506	-0.12221	
-0.00360994	-0.0405481	0.188557	0.158873	0.120783	-0.241433	0.167073	0.0454099	0.0451307	0.251426	
0.00258022	-0.0412981	0.179078	0.150466	0.103848	-0.22364	0.156539	0.0474056	0.0435499	0.236874	
-0.00240127	-0.0374884	0.185805	0.14837	0.111505	-0.231102	0.163831	0.0433344	0.041021	0.239612	
-0.00880746	-0.0400299	0.191702	0.155337	0.125319	-0.245469	0.170421	0.0413733	0.0426873	0.252567	
-0.593262	0.168393	1.19709	-1.66865	0.0389842	1.62062	1.28565	-1.03685	-0.668718	-0.23174	
0.357932	-0.864351	-1.98543	0.0803463	1.10699	0.382006	-0.146896	-0.961064	0.846824	0.422771	
0.0130792	-0.040644	0.193251	0.154856	0.0997361	-0.231271	0.166785	0.0550462	0.0468313	0.249817	
-0.778629	-0.930707	-0.417839	-0.358898	1.32941	1.18491	-1.0703	0.970926	-0.582584	-0.491433	
-0.268449	0.636094	-0.980189	0.137386	0.840059	-0.252465	-1.61337	-0.670371	0.0501693	-0.26534	
-0.00621829	-0.0393222	0.192354	0.159289	0.123916	-0.247633	0.171762	0.0450961	0.045292	0.256702	
0.00808416	-0.0425461	0.205489	0.16673	0.110151	-0.248784	0.178732	0.0555454	0.0480945	0.264106	
-0.695867	0.207911	0.555083	-2.09808	-4.96902	-1.26457	-0.320491	-1.85049	-1.29149	-0.474717	
-0.203725	0.529375	0.539432	-1.16032	2.55477	-0.223995	-3.10424	-0.305865	0.593262	-1.38783	
0.000282785	-0.0368176	0.187184	0.14888	0.111182	-0.233034	0.165046	0.0446642	0.0408107	0.240748	
-0.000214804	-0.0407676	0.192947	0.164801	0.117914	-0.24624	0.169814	0.0501161	0.047958	0.259668	
-0.000358037	-0.038981	0.196285	0.162727	0.116673	-0.246236	0.17335	0.0493908	0.0451968	0.256033	
-0.00571161	-0.0389835	0.184756	0.153422	0.112089	-0.233092	0.162474	0.0442586	0.0413048	0.240546	
0.947289	0.212174	-0.222618	0.673848	-1.56013	0.714926	-0.126204	-0.640921	-1.00265	0.191263	
-0.816314	0.528709	0.113868	-0.742667	0.736726	-0.622466	0.378342	-0.711603	-0.0911284	-0.0346422	
0.00655312	-0.0392236	0.184373	0.152364	0.0993545	-0.225102	0.159383	0.0513799	0.0453155	0.241757	
-0.553846	0.338472	-0.290524	-0.624173	-0.890085	0.0654843	0.190398	1.20273	0.162221	-1.066	
-0.370784	0.612959	0.27957	-0.47001	-0.426288	1.21572	0.856148	-0.609826	-0.763621	-1.03143	
0.00365429	-0.0381207	0.178772	0.145573	0.10212	-0.220007	0.155882	0.0464369	0.0414804	0.231705	
0.00303985	-0.0374587	0.179409	0.143821	0.106507	-0.22136	0.156582	0.0438236	0.0415601	0.231603	
0.681039	-1.0975	0.962241	-0.53781	-3.52269	-1.68224	-0.767533	-0.579767	0.88493	-2.33794	
1.05814	0.808122	0.670273	-0.465235	-0.976751	0.956452	-0.264903	0.0826604	-1.01377	-0.60339	
0.0151123	-0.046066	0.207998	0.167464	0.10742	-0.24958	0.179409	0.0602432	0.0515867	0.27164	
0.0137712	-0.0381196	0.190241	0.152476	0.0954804	-0.2268	0.163457	0.0554456	0.0468009	0.245568	
0.0280058	-0.0423653	0.196002	0.15568	0.0824727	-0.22225	0.164597	0.0655959	0.0495336	0.250523	
0.00981212	-0.0376306	0.195035	0.158788	0.10271	-0.236254	0.169901	0.054422	0.0464644	0.252685	
0.638889	-0.173785	-0.501946	-0.956058	1.15141	1.176	-0.194566	-0.712771	0.239984	-0.562173	
1.54899	-0.685411	0.144178	0.00362504	-2.60132	0.69405	-0.442378	0.685389	-0.146726	-0.544587	
0.0173224	-0.0395752	0.203251	0.157848	0.102465	-0.241041	0.176164	0.0569237	0.0486023	0.259638	
0.00699848	-0.0411585	0.208064	0.170529	0.116273	-0.256178	0.182604	0.0557043	0.0501553	0.27314	
0.0122188	-0.0406312	0.203887	0.169288	0.106309	-0.247115	0.17653	0.0592226	0.0506704	0.266914	
0.00176758	-0.0411375	0.192791	0.15483	0.11515	-0.239347	0.169584	0.0475509	0.0449277	0.250059	
0.00393382	-0.0434596	0.190995	0.156509	0.113906	-0.238791	0.167244	0.0489917	0.0459064	0.253973	
3.68589	-0.781353	-0.36528	-0.139519	-0.0510616	0.735843	0.57183	-1.01709	2.1909	-2.31969	
0.02787	-0.0433074	0.198141	0.158433	0.08548	-0.226617	0.166378	0.0652036	0.0525069	0.257059	
0.635387	0.883451	-0.159536	-2.17955	1.7611	-1.03162	-0.150822	-0.725416	-1.847	-0.46548	
0.718687	0.295552	0.0572297	0.0427468	-1.3553	1.18438	-0.61415	-0.206294	1.07515	-0.613329	
0.0107854	-0.0398115	0.190776	0.151013	0.100646	-0.229083	0.164471	0.0526591	0.0457922	0.246863	
3.56825	-0.207229	0.863553	0.218177	0.0482933	0.678499	-1.88002	-0.830092	-0.146759	-2.41624	
0.246718	0.632033	-0.187503	1.25027	-0.754836	0.762796	-0.714365	0.380774	-0.223159	-0.51258	
0.021714	-0.0444155	0.206007	0.166754	0.0996593	-0.243968	0.177134	0.0634942	0.053003	0.268428	
0.0115198	-0.0432017	0.199494	0.163885	0.10593	-0.241648	0.172195	0.0563652	0.0485597	0.260626	
0.00765354	-0.0354251	0.171648	0.13617	0.0936426	-0.20763	0.148268	0.0450274	0.0393663	0.219568	
-0.000442327	-0.0375765	0.182344	0.150776	0.109021	-0.228706	0.160408	0.0460832	0.0424411	0.238842	
0.00208399	-0.0396274	0.191771	0.157145	0.108576	-0.236357	0.167877	0.0493411	0.0441515	0.248871	
0.0355082	-0.0447403	0.193299	0.150897	0.0691228	-0.210539	0.159279	0.0687181	0.0501998	0.244019	
0.0150228	-0.0415991	0.19968	0.163568	0.0969948	-0.237117	0.169968	0.0600165	0.0492145	0.258168	
0.139993	-0.508115	-1.39508	0.244039	-2.94131	0.847322	-0.51153	0.861449	0.395148	0.260277	
0.0128492	-0.0394284	0.197417	0.161016	0.0962429	-0.233015	0.16952	0.057911	0.0471619	0.252442	
0.0166475	-0.0445707	0.213547	0.165053	0.107497	-0.250311	0.183634	0.0598971	0.0499059	0.27255	
0.00779706	-0.0384211	0.193629	0.153614	0.110533	-0.236084	0.168547	0.0492393	0.0458176	0.252477	
0.0116912	-0.0424455	0.20246	0.165562	0.106172	-0.24482	0.175601	0.0581663	0.0487404	0.264493	
-0.551584	0.310451	-0.262738	-0.603574	-0.810836	0.0679087	0.151017	1.13372	0.127536	-1.0376	
0.0194884	-0.0452504	0.216455	0.176038	0.105902	-0.256976	0.18594	0.0661813	0.0547024	0.282596	
-0.0107366	-0.0361545	0.185137	0.148729	0.117945	-0.234309	0.165648	0.0389144	0.0370413	0.234721	
0.0102981	-0.0373027	0.179182	0.147099	0.0983678	-0.219871	0.154903	0.050026	0.0439489	0.235986	
-0.933665	0.61349	0.0756673	-0.736425	0.776409	-0.688825	0.401193	-0.747249	-0.0944789	-0.078416	
0.00226503	-0.0400554	0.18645	0.159233	0.109466	-0.235091	0.162295	0.0504891	0.0463383	0.249306	
1.1598	0.219598	-0.372403	0.829993	-1.2612	0.880917	1.09291	0.875899	-0.221459	0.955383	
0.0147957	-0.0423342	0.198462	0.165528	0.10057	-0.238743	0.170028	0.060501	0.0510837	0.262473	
0.0152608	-0.0402687	0.19058	0.157359	0.0958257	-0.229607	0.162654	0.0573842	0.0498375	0.253099	
0.192192	1.7635	0.0915301	-1.29284	0.151982	0.528844	-0.160814	0.488749	0.426121	-2.34506	
0.546086	0.132906	-0.107933	-0.746823	0.470024	-0.26504	0.650232	-0.602514	-0.475872	-1.02522	
-0.00584726	-0.0316841	0.181965	0.143677	0.11513	-0.22946	0.162083	0.0383426	0.0384888	0.23324	
0.00815054	-0.0381341	0.187208	0.158612	0.10301	-0.23182	0.16265	0.0531665	0.0474638	0.248808	
0.00689686	-0.0405324	0.194197	0.155337	0.104821	-0.233985	0.169453	0.0509695	0.044045	0.24701	
0.00604766	-0.0422169	0.199975	0.165714	0.114579	-0.249352	0.174038	0.0543218	0.0505251	0.267416	
-0.00215716	-0.0358198	0.190419	0.148946	0.114089	-0.23654	0.168833	0.0427887	0.0404795	0.243591	
-0.0117068	-0.0366556	0.183336	0.158277	0.124573	-0.242935	0.165384	0.0407375	0.0428102	0.246108	
0.00231043	-0.0425189	0.214741	0.175594	0.126142	-0.267979	0.190285	0.0543118	0.0494775	0.279731	
0.00152032	-0.0395895	0.193747	0.161182	0.113452	-0.241858	0.170322	0.0496302	0.0465949	0.254801	
0.94805	-2.61783	-0.621813	0.658406	-2.84639	0.537131	0.844797	0.544161	0.628242	0.290156	
0.0046954	-0.0422322	0.197983	0.165493	0.111436	-0.246156	0.172623	0.0532712	0.0483554	0.260367	
1.69903	-0.727997	1.17147	1.27664	-2.53906	0.204457	-1.08456	0.407414	-0.592863	-1.48865	
0.00483889	-0.0370806	0.195463	0.16265	0.110044	-0.241071	0.171673	0.0525882	0.0458487	0.253896	
0.77875	-0.238623	-2.33469	-1.19824	-1.18657	1.51999	-2.23774	1.26873	0.898169	0.663067	
0.0125236	-0.0438618	0.198361	0.161164	0.0994221	-0.235312	0.168367	0.0585806	0.0488129	0.259044	
0.334977	0.0291113	-1.16589	1.88184	-0.271237	0.463516	-1.02929	0.376246	0.109163	-0.491602	
0.0225486	-0.0431168	0.202714	0.170261	0.0917291	-0.238373	0.171323	0.0661598	0.0532057	0.26487	
0.00114412	-0.0388979	0.189737	0.158232	0.114872	-0.240754	0.168239	0.047775	0.0462349	0.252826	
0.0143729	-0.0385439	0.186488	0.150926	0.0963816	-0.223176	0.159294	0.0532191	0.0475236	0.24458	
2.03402	2.00202	0.0618498	-2.44168	2.07351	1.24546	-0.601353	-2.3686	-0.788599	-0.533142	
1.46449	-2.01221	1.15737	-2.81509	-0.541615	0.0512309	-1.73716	1.74971	-3.29888	-1.70827	
-0.80869	0.147859	-0.0761841	1.09365	0.910201	-0.8421	0.0149478	-0.0564463	0.110383	0.406948	
0.0256317	-0.0422756	0.201979	0.162614	0.0912732	-0.235618	0.170953	0.0650254	0.0533664	0.263385	
4.07823e-06	-0.0408802	0.189487	0.159438	0.111285	-0.237792	0.16518	0.049632	0.0450535	0.25102	
0.0198319	-0.0413633	0.197383	0.159113	0.0944383	-0.231683	0.16895	0.0605611	0.0496762	0.256523	
0.0228819	-0.0386309	0.203185	0.154077	0.090087	-0.230443	0.172225	0.0600085	0.0473566	0.253494	
0.00314253	-0.0407144	0.190609	0.154762	0.108988	-0.234348	0.167057	0.0493685	0.0443178	0.24774	
1.67738	0.272316	-0.747334	0.479802	-2.07939	-1.92179	-1.93467	0.353702	3.66503	-2.10162	
-0.532403	0.293713	-1.19856	-3.17034	1.59263	-1.76456	-1.23343	1.49236	-1.87592	-0.596028	
1.48983	-0.0401869	-0.153221	0.365627	-2.48357	0.127288	-1.72505	0.434618	-1.19693	0.185026	
0.566433	0.140294	-0.0589036	-0.775806	0.430366	-0.201882	0.61527	-0.563604	-0.43737	-0.976039	
0.0163159	-0.0429887	0.192004	0.15244	0.101085	-0.230309	0.165298	0.0547336	0.0477399	0.250891	
-0.48022	-1.23665	-2.45898	-1.7874	-0.411324	-0.659346	0.334942	-1.55142	-1.13621	-0.437644	
0.0116055	-0.0428721	0.199109	0.15931	0.104363	-0.239112	0.17261	0.0548944	0.04869	0.259503	
0.00336189	-0.0386403	0.194712	0.157746	0.112308	-0.242073	0.171889	0.0497446	0.0456779	0.253886	
1.40917	0.590777	0.8066	-0.538654	-0.619052	0.655484	0.626492	-0.634558	-0.897456	0.228398	
-0.00235332	-0.039792	0.181811	0.146922	0.111201	-0.227475	0.160609	0.0425065	0.0420146	0.236897	
0.0100358	-0.0413239	0.191278	0.15702	0.102917	-0.232259	0.165475	0.0540517	0.0477527	0.250332	
-0.862007	0.578091	0.0941981	-0.711479	0.722338	-0.639454	0.389065	-0.705629	-0.0884734	-0.0668172	
-1.94953	-0.152728	0.69492	0.389435	-1.68202	1.15589	0.61705	0.116283	-0.706194	-0.0782993	
0.000435286	-0.0411793	0.195886	0.163914	0.117588	-0.247353	0.173244	0.0495636	0.0479368	0.261274	
-0.659046	0.605378	-1.45191	0.812166	0.0165211	-0.0220759	-0.78303	0.230815	0.507479	0.460062	
-0.780164	0.897062	-1.4829	0.548489	0.189013	0.0561604	-0.432825	0.0848275	0.932888	0.371768	
0.00834346	-0.0417677	0.191817	0.165889	0.109735	-0.241492	0.167118	0.0541747	0.0498748	0.259201	
0.0173297	-0.0421373	0.197992	0.155467	0.0991055	-0.23163	0.169194	0.057762	0.0485084	0.255178	
0.0150734	-0.0427758	0.214742	0.175846	0.109456	-0.258278	0.185638	0.0624619	0.05319	0.279453	
-0.897637	0.570653	0.101295	-0.699883	0.753312	-0.65954	0.400864	-0.718208	-0.100201	-0.0873927	
0.0065334	-0.0381136	0.192717	0.159413	0.107339	-0.236998	0.167829	0.052429	0.047591	0.253171	
1.2411	1.09874	0.717423	-0.277138	-2.20897	0.788211	1.07473	-0.640695	1.11719	-1.02627	
0.00843518	-0.0434027	0.198937	0.161448	0.104362	-0.239541	0.171511	0.0559555	0.0474572	0.25795	
0.614502	0.161071	-0.117967	-0.689782	0.457547	-0.301477	0.720805	-0.619628	-0.501687	-1.09977	
0.0033838	-0.035654	0.178575	0.13732	0.104356	-0.220054	0.156483	0.0425842	0.04143	0.232762	
0.00223816	-0.037897	0.192742	0.153392	0.111708	-0.236696	0.170252	0.046622	0.0422318	0.244984	
0.00311014	-0.0396077	0.202884	0.164589	0.117565	-0.249784	0.17856	0.0510122	0.0464491	0.261801	
-0.284639	0.782793	-0.104453	-0.511999	2.30491	-0.889597	0.617839	-1.45936	0.0828939	1.03334	
0.0083766	-0.0428294	0.197174	0.163291	0.109163	-0.242139	0.171336	0.0549758	0.0480363	0.259227	
-0.000565119	-0.0422813	0.191217	0.155132	0.112793	-0.23693	0.167699	0.0470491	0.0435169	0.248374	
-0.146449	0.0461081	-1.39644	-0.613943	1.08556	-0.00409864	-0.820474	-0.685651	0.903881	0.0188988	
1.40813	-0.278231	1.1308	-1.42861	0.888643	1.66741	-0.655709	-0.832672	-1.0658	-1.66792	
-0.00374915	-0.0349911	0.177247	0.149876	0.112029	-0.22778	0.157417	0.0426508	0.0407837	0.233981	
0.00387329	-0.0358763	0.183379	0.152136	0.107216	-0.231458	0.161472	0.0488583	0.044562	0.244677	
-0.0672328	-0.186025	1.03966	0.73796	0.733443	-1.32946	0.959742	0.169018	0.206299	1.33079	
-0.000641087	-0.0337815	0.182184	0.146872	0.109303	-0.227451	0.160748	0.0438869	0.0424316	0.23859	
0.600006	0.16708	-0.125109	-0.67087	0.474107	-0.338626	0.746065	-0.626053	-0.507577	-1.09773	
0.0212967	-0.0451334	0.20166	0.160041	0.0967697	-0.234644	0.170693	0.0623231	0.0513681	0.260073	
0.0143672	-0.0424974	0.193915	0.153107	0.100309	-0.230325	0.166308	0.055141	0.0481017	0.251124	
0.0121348	-0.0397574	0.184619	0.152489	0.0959416	-0.223161	0.159122	0.0541887	0.0464942	0.242313	
-0.834615	0.140276	-0.0916426	1.14324	0.907132	-0.875943	0.0423352	-0.0585866	0.0830996	0.363706	
-0.810629	0.15026	-0.0711416	1.13999	0.87641	-0.849604	0.0327955	-0.0367125	0.0941634	0.375276	
-0.822874	0.152324	-0.0824878	1.14592	0.91887	-0.891989	0.0350442	-0.0461428	0.104155	0.39025	
-0.78839	0.114362	-0.0785776	1.08233	0.903407	-0.858293	0.0398056	-0.0527001	0.0953963	0.392646	
-0.81944	0.13768	-0.0745793	1.13798	0.878434	-0.882786	0.0345678	-0.0398639	0.0940936	0.400219	
-0.816005	0.158004	-0.0974942	1.15775	0.878641	-0.854588	-0.00275144	-0.024508	0.114353	0.374314	
-0.790985	0.129206	-0.0965994	1.07186	0.952639	-0.878284	0.0425445	-0.0775534	0.0906641	0.387143	
0.0160763	-0.0427314	0.18937	0.154219	0.0956943	-0.225537	0.161884	0.0557107	0.0476899	0.245923	
-0.842599	0.162613	-0.0658413	1.15796	0.914357	-0.896347	0.0379397	-0.0400313	0.112378	0.405452	
-0.752898	0.129352	-0.0626364	1.09435	0.888895	-0.865636	0.0459837	-0.035788	0.116949	0.42187	
-1.31901	0.723215	-2.38833	0.411597	-0.211026	1.5531	-1.27629	-0.715349	-0.943515	-2.61563	
-0.808479	0.117412	-0.0616759	1.07144	0.911149	-0.860341	0.0256145	-0.0479309	0.107487	0.397704	
-0.00102996	-0.0400452	0.19915	0.164733	0.1177	-0.249141	0.176475	0.0496606	0.0452596	0.258728	
-0.835199	0.280687	0.260477	-1.66923	-0.392269	1.05526	-0.907169	-0.173719	0.637824	-0.232104	
1.91516	-1.08736	-1.33691	-0.44918	-1.75799	0.0455326	0.283804	0.150114	0.463805	-0.338453	
-0.680461	-0.0629769	0.0475763	1.29449	0.44863	-0.926532	0.275345	0.10896	-0.0572042	0.266502	
-0.698741	-0.0242381	0.0148319	1.36969	0.517252	-0.987996	0.28697	0.0969033	-0.0493281	0.277596	
-0.658098	-0.047812	0.0456889	1.28765	0.496085	-0.942952	0.273536	0.103429	-0.0323667	0.308688	
-0.665932	-0.0684575	0.0665092	1.25002	0.456011	-0.915289	0.280536	0.102479	-0.048204	0.287493	
-0.656719	-0.0848966	0.0518424	1.28299	0.469215	-0.941387	0.287878	0.107266	-0.0480595	0.306377	
-0.657199	-0.0567975	0.0754447	1.24694	0.468788	-0.945461	0.295405	0.0977042	-0.0412501	0.324171	
-0.645879	-0.0800472	0.0606217	1.23393	0.491414	-0.927671	0.273568	0.101223	-0.0282267	0.319357	
-0.686569	-0.0434612	0.0698713	1.26811	0.504863	-0.953524	0.318703	0.0715732	-0.061817	0.303682	
-0.703402	-0.0498631	0.0488328	1.35456	0.475337	-0.988272	0.31843	0.0938762	-0.0739214	0.290123	
-0.648137	-0.067693	0.0470911	1.20484	0.496917	-0.925464	0.278511	0.0765085	-0.0437933	0.303971	
-0.652947	-0.0403026	0.0575019	1.20705	0.470127	-0.924692	0.303838	0.0635726	-0.0675706	0.301936	
0.0104682	-0.0412191	0.197327	0.160473	0.106743	-0.239311	0.171488	0.0540848	0.0487734	0.257042	
-0.0164345	-0.0373146	0.195903	0.16513	0.130995	-0.255665	0.176818	0.040632	0.0414084	0.256402	
-0.787713	-0.0911396	-0.268371	0.780638	1.17261	-0.910669	0.0313053	-0.236528	0.0108364	0.320302	
0.00240925	-0.0409003	0.195862	0.159419	0.114827	-0.243108	0.172579	0.0493711	0.045318	0.253865	
-0.777175	-0.131929	-0.301577	0.779753	1.17507	-0.911032	-0.00976762	-0.209715	0.0354685	0.307221	
-0.744596	-0.0689667	-0.302661	0.824263	1.17073	-0.923365	0.0362247	-0.221848	0.0228746	0.309856	
-0.834045	-0.0287214	-0.341972	0.906108	1.19128	-0.944499	0.0280375	-0.247955	-0.0128786	0.263591	
-0.813772	-0.108582	-0.342341	0.8309	1.2051	-0.909525	-0.0460771	-0.214462	0.033618	0.283964	
-0.772179	-0.0299976	-0.384965	0.80968	1.2838	-0.930088	-0.0256518	-0.26265	0.0423505	0.291423	
-0.808978	-0.119796	-0.325151	0.809046	1.22031	-0.919108	-0.00829462	-0.234536	0.0146171	0.282841	
-0.756256	-0.0864485	-0.271298	0.730546	1.16353	-0.904129	0.0270843	-0.243024	0.0239031	0.331207	
0.420084	0.950958	0.289563	1.06524	-0.791927	0.403541	0.498861	0.864476	0.14618	-0.606619	
0.420658	0.94629	0.275865	1.08986	-0.773221	0.381983	0.500573	0.885767	0.170492	-0.610582	
0.435048	0.972071	0.262548	1.08637	-0.770623	0.378757	0.484966	0.872283	0.150148	-0.607429	
0.0111213	-0.0395184	0.197211	0.159743	0.105873	-0.239852	0.171649	0.0550228	0.0482125	0.257459	
0.442203	0.948378	0.299253	1.07386	-0.796279	0.375968	0.511788	0.884997	0.160208	-0.565348	
0.444983	0.916571	0.281007	1.08663	-0.790552	0.373936	0.484412	0.89927	0.181279	-0.56357	
0.00530746	-0.0396579	0.186469	0.149058	0.108153	-0.228954	0.163835	0.046845	0.0437597	0.241582	
0.0132874	-0.0395705	0.189012	0.150032	0.0952414	-0.223601	0.163105	0.0532711	0.0447306	0.241464	
0.459799	0.93386	0.297008	1.09065	-0.821312	0.37034	0.492092	0.899262	0.159093	-0.578295	
-0.890711	-0.780718	1.43901	0.321738	1.61103	-0.729916	1.38214	-0.262771	-0.142023	0.58996	
-1.00626	-0.566342	0.528772	0.0292717	1.27797	-0.0110839	0.605207	-0.447204	-0.312913	-0.292246	
-1.05699	-0.587446	0.538281	0.0737124	1.26151	-0.00732135	0.607982	-0.458702	-0.340156	-0.293379	
-1.0142	-0.559436	0.527076	0.0307473	1.24823	-0.0114573	0.607599	-0.452618	-0.317882	-0.301241	
-1.05429	-0.55419	0.515303	0.0535698	1.32453	-0.00541031	0.617429	-0.475844	-0.334512	-0.337477	
-1.05046	-0.556111	0.525234	0.0965717	1.29636	-0.0642366	0.62741	-0.456073	-0.330378	-0.279117	
0.592348	0.135242	-0.107677	-0.699303	0.460743	-0.282247	0.689695	-0.593285	-0.479862	-1.04757	
0.564508	0.157558	-0.104731	-0.711967	0.470133	-0.274019	0.660781	-0.595706	-0.468282	-1.02836	
0.564201	0.151049	-0.126884	-0.730166	0.475907	-0.258048	0.675579	-0.621132	-0.500306	-1.09787	
0.569461	0.145299	-0.0975525	-0.72918	0.472381	-0.256875	0.661369	-0.597947	-0.457208	-1.02564	
0.590822	0.166476	-0.138076	-0.690305	0.472361	-0.301219	0.71898	-0.625833	-0.511611	-1.12256	
0.561663	0.143214	-0.139952	-0.7245	0.476235	-0.262557	0.669264	-0.638388	-0.503084	-1.11026	
0.597295	0.151809	-0.104384	-0.76614	0.458251	-0.258121	0.690125	-0.61696	-0.498284	-1.08356	
-0.214606	0.677418	0.560761	0.723212	-1.67698	0.177658	0.838608	-0.108627	-0.484017	-0.616254	
-1.03274	-0.0896363	-0.101191	-0.532334	1.77629	0.160291	-0.551619	-0.720679	-0.634366	-0.144535	
0.0508438	-0.213131	0.952252	0.722627	0.541696	-1.14938	0.838296	0.252685	0.237177	1.26004	
0.037951	-0.21458	0.966196	0.737826	0.569904	-1.18074	0.854229	0.247915	0.239623	1.28506	
0.0327899	-0.217437	0.967366	0.751641	0.571397	-1.18823	0.856635	0.251833	0.24199	1.29187	
0.00812473	-0.045339	0.204795	0.170417	0.110313	-0.250154	0.176707	0.0591924	0.050564	0.270444	
-0.889716	0.575231	0.0887829	-0.73442	0.743404	-0.633366	0.378289	-0.725202	-0.1057	-0.0861483	
-0.928374	0.590197	0.101681	-0.736358	0.792427	-0.666307	0.400689	-0.74282	-0.108929	-0.0851959	
-0.899822	0.556316	0.0755582	-0.722141	0.766343	-0.625036	0.374115	-0.724156	-0.111007	-0.110204	
-1.01054	0.690407	0.0763093	-0.785447	0.777094	-0.730894	0.429308	-0.778606	-0.0911761	-0.127427	
-0.900933	0.588857	0.0971643	-0.673911	0.751884	-0.668195	0.397836	-0.716382	-0.0858079	-0.063807	
-0.878646	0.523158	0.0752592	-0.705354	0.758321	-0.655213	0.349903	-0.688416	-0.0866329	-0.0630733	
-0.878838	0.572422	0.0907519	-0.732776	0.762323	-0.654123	0.397677	-0.731591	-0.105663	-0.0776574	
-0.958473	0.636773	0.0571083	-0.751173	0.747394	-0.64452	0.390723	-0.764631	-0.113643	-0.147328	
-0.915304	0.609837	0.119416	-0.734548	0.734666	-0.685546	0.41208	-0.722208	-0.0904885	-0.0626852	
-1.31591	-0.499371	0.445285	0.444094	0.527313	-0.709425	0.441518	-0.388369	-0.509724	0.327458	
0.00484416	-0.0381627	0.189361	0.153677	0.10629	-0.231581	0.165054	0.049911	0.0439728	0.245383	
-1.28452	-0.52085	0.437031	0.442193	0.500327	-0.692828	0.418657	-0.370997	-0.500587	0.351455	
-1.21954	-0.496525	0.411662	0.410006	0.522098	-0.680199	0.391688	-0.352568	-0.447394	0.351131	
-1.26888	-0.497188	0.439492	0.437236	0.512265	-0.728532	0.416761	-0.351992	-0.459696	0.364178	
-1.2535	-0.466892	0.41155	0.481706	0.569872	-0.732607	0.424153	-0.356393	-0.448521	0.34639	
-1.34072	-0.512157	0.416434	0.45012	0.513298	-0.71577	0.416168	-0.396801	-0.522811	0.321209	
0.000964507	-0.0390518	0.188782	0.156013	0.112413	-0.236752	0.166122	0.0480968	0.0439268	0.248053	
-1.32454	-0.4759	0.405093	0.425548	0.52963	-0.71289	0.411163	-0.399542	-0.500599	0.320677	
0.0050801	-0.0436014	0.211058	0.180814	0.122053	-0.265885	0.184886	0.058532	0.0534795	0.283797	
0.020106	-0.0414977	0.196559	0.165389	0.101628	-0.238992	0.168513	0.0617549	0.0537107	0.264079	
-0.542597	0.37108	-0.191113	0.700458	1.34069	-0.926272	0.400116	-0.533995	-0.12333	0.465915	
-0.498939	0.361925	-0.170588	0.658328	1.28456	-0.897115	0.385204	-0.495771	-0.0943005	0.462312	
0.013638	-0.0385684	0.185783	0.145015	0.0957262	-0.219947	0.159466	0.0525496	0.0446379	0.239024	
-0.535411	0.303775	-0.129147	0.639328	1.25202	-0.902731	0.372015	-0.477628	-0.0927483	0.48576	
-0.50583	0.327229	-0.152548	0.624318	1.24926	-0.85571	0.362053	-0.493269	-0.102655	0.460856	
-0.542647	0.329901	-0.152143	0.66501	1.26111	-0.897947	0.375059	-0.484209	-0.0926891	0.454004	
-0.00213575	-0.0413835	0.193273	0.160889	0.116786	-0.244452	0.170958	0.0480729	0.0441714	0.25449	
-0.573143	0.335271	-0.164651	0.682516	1.28094	-0.936505	0.390526	-0.505378	-0.107004	0.468558	
-0.491392	0.394829	-0.182765	0.694595	1.26036	-0.922514	0.381494	-0.486253	-0.0808749	0.474061	
-0.533465	0.360677	-0.162593	0.688453	1.27012	-0.920282	0.371577	-0.482567	-0.0800372	0.475616	
-0.524858	0.353685	-0.170664	0.718082	1.30323	-0.928355	0.395665	-0.500794	-0.107302	0.475252	
0.0114272	-0.042956	0.192796	0.157821	0.106844	-0.236131	0.167376	0.0538624	0.048382	0.255273	
0.00985507	-0.0430541	0.205806	0.172852	0.111296	-0.254271	0.179274	0.0589835	0.0510133	0.271842	
-0.546189	0.348853	-0.168799	0.707204	1.28471	-0.922994	0.378716	-0.494138	-0.103151	0.471341	
-0.505027	0.362996	-0.139859	0.629109	1.31206	-0.898194	0.407001	-0.522823	-0.101141	0.492901	
0.716227	-0.507198	-0.00138778	1.09709	-0.712059	0.1102	-0.713396	2.16065	-1.56815	-0.20798	
-0.0214328	1.48375	-1.67362	-0.212495	0.138979	-1.02652	-0.555158	0.602518	-0.0458188	0.660376	
-0.363395	0.592204	0.288111	-0.465896	-0.387009	1.18918	0.866575	-0.62628	-0.737109	-0.976273	
